
102358
1168579
1210997
1218197
1220409
1227603
1269750
130758
1327865
146669
149590
1512440
1522867
1527747
1562822
1605651
163843
1643084
1668284
1694008
1733045
174982
1814991
1819730
1835841
1861060
1880251
192950
2017370
2077456
2134431
2186224
2264397
2328926
239880
2411586
2464461
2510769
2542007
2562770
2623032
2635167
2658434
2661886
272103
2750405
2782113
2802361
290557
2921044
294640
2960313
2963597
298795
3017382
3057568
3077311
3144096
3175395
3202326
3277605
3469034
357994
3582678
3624060
3686110
3703430
3865483
3895114
390903
3996063
453733
458258
587116
597427
614540
617790
6251999
6252001
6255148
6290252
630336
660013
690791
718075
719819
732800
783754
798544
798549
953987
